10
0.490986897	1.385112773	
1.241028335	1.794862289	
1.767694437	3.508872586	
2.108350758	1.697700393	
3.501143903	3.197945668	
3.919179966	1.587555336	
4.285220927	2.462347587	
4.903813035	1.601535549	
5.880221024	1.711730329	
6.332875975	2.593645279	
7.21734923	1.02771052	
8.151866418	1.123773959	
8.665921869	4.476768016	
9.160499093	1.726910146	
9.43795821	3.055150814	
9.740793279	1.371899802
10.18671208	3.377224803
10.54220008	3.175974072
11.29937684	3.304307858
11.39185977	3.378386574
12.11677075	3.564653865
12.32712929	2.274140191	
12.94793749	1.561018465	
13.03030035	1.25621828	
13.64584303	3.992935005	
13.93613602	2.563911826	
14.8392067	1.503221782	
15.08836588	4.988498399
15.56671694	4.990630439
15.69874701	1.693470037
16.31584382	3.034978981
16.52866666	3.39650395
17.3161382	2.219813795	
18.01657621	4.163478895
18.77977298	2.075464043
18.84897636	1.137684613
18.99945912	4.658045575
19.06828422	4.823410015
19.95050052	2.615136385
20.06485243	2.94565377	
20.7020839	4.647338535	
21.26317886	3.400695559
21.34725837	2.165193491
21.58752079	2.83553326	
21.60171816	1.315537996
22.34046576	2.602618208
22.6334877	1.922891062	
22.97199133	4.689310399
23.4958508	3.786852862	
23.62487944	3.333366776	
24.09165464	4.278476407
24.5866435	1.132500796
24.74298717	3.257445871
25.37439258	4.886179526
26.04414703	1.913977785
26.3741917	3.043284397	
27.36776788	1.344328236
27.61596457	2.357832681
28.57632173	3.305952813
28.58247625	3.204734998
28.84065918	2.470622869
29.58913135	1.060493317
29.64607733	1.004748535
29.85473449	1.174366365
30.56780938	3.012488532
31.11398306	2.686089663	
31.16782467	1.154030136
31.64279804	3.329951809
32.52877614	4.021639858
33.09606867	3.055945891
33.63454626	2.554866127
33.98122407	1.213722607
34.82348476	1.005036488
35.64293144	1.92127779	
35.95784193	3.916991589
36.61162554	2.80592705	
36.84563631	2.016982955
37.70760891	4.081568576
37.98332569	3.510075442
38.30950057	2.802063895
38.36615798	4.842766998
38.84798002	2.925564716
39.31017136	1.170902229
39.98857688	4.052247134
40.96601533	3.802125215
41.64486135	3.485400507
41.95368633	2.071612541
42.65951206	2.390085018
42.74122844	4.428287588
42.84426588	1.528661051
43.02982427	4.531917499
43.40277058	2.284275572
43.48866234	3.126413079
44.05852692	2.688118247
44.13951234	3.302766735
44.9496623	3.070874051	
45.57982211	2.447528498
46.08665446	1.194300944
46.70407403	2.835934143
47.61996077	3.800129907
48.09208289	2.359679591
48.49759951	3.287185403
49.27798207	4.015131556
50.02074499	4.320053065
51.01402104	4.778108365
51.21037037	4.930549556
51.38488165	2.37512452	
52.10422726	2.671155051
52.58909605	2.412366542
52.6528011	1.919940976	
52.82109683	3.790453428
53.59566504	4.782809393
53.72719474	2.991622276
54.68136932	4.859264609
55.23113678	2.00667478	
55.73083944	3.465234381
55.81557012	3.474200597
56.72380365	3.872482861
56.90743971	1.167323951
57.09471077	2.75556075	
57.40648813	1.181385566
57.66678979	4.899873503
57.83918646	4.622557744
57.96454809	4.579904482
58.78011256	4.742706912
59.45328306	2.488096035
59.64134273	1.008274145
60.0398422	1.738865967	
60.19150294	4.408885099	
60.53203406	1.199526419
61.319592	3.5766169	
62.06700538	4.350775053
62.77408154	4.47050451
63.10357998	4.664054748	
63.41857754	2.423824545
63.89233094	2.389888923
64.26327096	2.979446022
64.34790077	2.103762086
65.00195783	4.327682464
65.58866208	2.058070329
66.07492389	3.103737118
67.05581859	3.812517492
67.71738523	1.003007741
68.13360673	4.817254907
68.75834462	4.306436026
69.34680751	2.678393161
69.6164281	1.461562428
69.7264714	2.385811069	
70.40087312	3.238309928
71.27984399	3.032155036
72.08913887	4.335712528
72.92522054	3.851503077
73.22693769	2.853186361
74.05685661	3.306880222
74.43656122	1.636877657
75.34043009	4.768951696
75.69105334	3.965733284
76.16833884	1.702946759
76.81178453	3.809304239
77.53990082	3.50351007	
78.5316966	4.212032951	
79.42613992	4.657512723
79.69055605	2.337025569
80.30553574	3.357523123
81.03982849	3.583177186
81.42955203	2.897157239
81.59556401	1.07294444	
81.88017262	2.331227519
82.23574608	3.589570407
82.95572409	1.700303865
83.64987205	3.24700743	
84.41222838	3.205475799
84.96159211	3.860379134
85.91907347	1.563206186
86.04627569	1.937361957
86.95859989	2.846509579
87.5795266	3.095810468	
88.31335514	2.2797801	
88.57602287	3.268856103
89.13558361	3.054141718
89.84054314	3.739430166
90.43182543	3.88575789
90.76943074	4.60426026
90.90049734	1.555478334	
91.06698544	2.695408417	
91.91272083	1.535897319	
92.44075882	1.588763916	
93.03249178	4.210644706	
93.16310399	2.317866045	
93.55020701	4.546014895	
93.94023764	4.494256852	
94.39534686	2.969645051	
95.20008025	4.572644491	
95.61816044	3.931390707	
96.59764027	1.961541433
97.50156862	1.236418969
98.48217153	4.462546265
98.60666075	4.70359538	
99.34478044	1.63135302
100.1501976	2.13351352
100.2391366	2.26323116
100.9888124	1.15845091
101.2865922	1.90625875
101.4905773	2.57054966
101.5926915	3.2891649
102.4903847	4.8753058
103.4093154	3.5688618
103.9088759	1.75374314	
104.865155	4.796030386	
105.6716181	1.488509778	
106.4856764	3.374596078
106.7074131	4.792779952
107.1229532	1.492950221	
107.5137214	4.723744566	
107.987125	3.591484097	
108.4080852	1.681401592	
109.3982914	1.263932936	
110.3565238	4.07743971	
110.50754	2.634562441	
110.7015592	1.386021088
111.1196299	4.559323966
111.2154898	3.826156329
111.6241595	4.579168818	
112.5899579	4.966780197
113.3942765	2.949453489	
114.1170017	3.370605617	
114.8309013	2.845905582	
115.4442253	3.835842879	
115.5129128	4.124537753	
116.3487735	3.444847833	
117.0146375	1.424568844	
117.6151119	2.058511846	
118.2197168	3.289430963	
118.8821739	4.009160526	
119.7784097	4.050053155	
120.7059964	2.822862009	
121.2353475	4.651650227	
121.3151991	3.970272354	
121.5550978	4.711652058
121.9118622	3.41367527
122.372943	1.736403634
122.5196217	1.86664233
123.3589828	4.88770465
123.7176543	2.107101611
124.076937	3.166980452
124.9116136	3.71704631
125.1555468	2.45018571
125.7905525	4.72069874
126.3028696	1.814261238	
126.8297403	2.16857773	
126.9915084	4.692025592
127.4281118	1.22767695
127.7599632	1.78283844
128.1279193	1.414565571
128.5314692	4.883201704
128.9012761	3.212732569
129.4803433	1.446978667
130.452768	1.869501675	
131.3020415	2.6087086
131.9538941	4.47879762
132.7540865	2.920278917
132.7969674	1.166517734	
133.5821711	1.70447461
134.243025	2.272642612	
134.8039563	3.901912208
134.9426041	3.270108153	
135.3157493	3.313856017	
136.2119688	4.253833368	
136.5133489	3.584641567
136.7989287	1.377631869	
137.2204923	1.119676831
138.1529642	1.31297959
138.7277111	1.795399773
139.367953	2.351253775
140.2958147	4.27732093
140.6267758	2.36339388
141.4399443	3.34379553
141.7064819	1.90381014
142.3161837	3.30850949
143.1791357	2.73324601
143.641859	3.052634122
144.4505895	4.61940345
144.9791482	1.4637083
145.6789805	4.6848504
146.1103079	4.518147652
146.945925	2.10919348	
147.2196687	2.616492697
147.4955417	2.722461183
148.2156769	3.616006561
148.3619064	4.404470504
149.159661	1.407369498	
149.9421491	1.153434564
149.9654318	3.394714359
150.1323745	3.716285526
150.9621711	3.952239617
151.3654064	2.120479146
151.9751879	4.897171615
152.4092078	3.690479916
153.406826	2.760494031	
153.798572	1.838929922	
154.6547695	4.656363203
155.4075558	4.171343172
155.6306169	3.45485122	
156.3140236	4.421107549
156.9015418	1.321519083
157.0322243	3.171921767
157.9090291	1.439031216
158.4118742	4.60392046	
159.3462277	4.54566486	
159.9059431	2.83048811	
160.441268	4.55708097	
160.6652814	1.67709641
161.2480001	4.037838848
161.7909859	2.243091949
162.1254698	1.81282147
162.4722083	1.51183060
163.3530133	4.619510099
164.2844185	4.995193531
164.951531	4.126278543	
165.4505334	3.440781236
165.5093927	2.008818375
165.8122882	3.42050375	
166.1612185	2.890773897
166.9324143	2.15466862	
168.0680666	1.53165745