76524
90 99 69 26 36 93 52 11 32 60 22 13 14 55 40 65 0 25 6 30 62 9 17 86 57 66 71 21 78 87 83 70 54 82 46 53 84 5 59 28 3 73 4 89 49 29 39 35 75 95 41 79 97 43 27 58 33 24 45 8 31 56 88 64 76 12 50 19 2 51 68 10 34 38 85 1 92 47 81 42 7 74 23 98 44 91 20 18 94 77 63 37 61 80 67 15 72 96 48 16 0 220147
20 176871
40 156616
60 138691
80 131787
100 126207
120 122287
140 112001
160 109876
180 105504
200 104030
220 104030
240 102151
260 101601
280 100670
300 98078
320 97709
340 96544
360 94656
380 94656
400 93738
420 93689
440 93265
460 92186
480 92186
500 92186
520 92186
540 92186
560 91690
580 89136
600 89136
620 89136
640 89136
660 87448
680 86745
700 86745
720 86745
740 86138
760 86138
780 85251
800 84763
820 84763
840 84763
860 84763
880 83711
900 83594
920 82024
940 82024
960 82024
980 82024
1000 82024
1020 82024
1040 82024
1060 82024
1080 81104
1100 81097
1120 81097
1140 79850
1160 79850
1180 79850
1200 79798
1220 79798
1240 79625
1260 77644
1280 77440
1300 77013
1320 77001
1340 77001
1360 77001
1380 76348
1400 75467
1420 75368
1440 75368
1460 75033
1480 74763
90 99 69 26 36 93 52 11 32 60 22 13 14 55 40 65 0 25 6 30 62 9 17 86 57 66 71 21 78 87 83 70 54 82 46 53 84 5 59 28 3 73 4 89 49 29 39 35 75 95 41 79 97 43 27 58 33 24 45 8 31 56 88 64 76 12 50 19 2 51 68 10 34 38 85 1 92 47 81 42 7 74 23 98 44 91 20 18 94 77 63 37 61 80 67 15 72 96 48 16 0 220147
20 176871
40 156616
60 138691
80 131787
100 126207
120 122287
140 112001
160 109876
180 105504
200 104030
220 104030
240 102151
260 101601
280 100670
300 98078
320 97709
340 96544
360 94656
380 94656
400 93738
420 93689
440 93265
460 92186
480 92186
500 92186
520 92186
540 92186
560 91690
580 89136
600 89136
620 89136
640 89136
660 87448
680 86745
700 86745
720 86745
740 86138
760 86138
780 85251
800 84763
820 84763
840 84763
860 84763
880 83711
900 83594
920 82024
940 82024
960 82024
980 82024
1000 82024
1020 82024
1040 82024
1060 82024
1080 81104
1100 81097
1120 81097
1140 79850
1160 79850
1180 79850
1200 79798
1220 79798
1240 79625
1260 77644
1280 77440
1300 77013
1320 77001
1340 77001
1360 77001
1380 76348
1400 75467
1420 75368
1440 75368
1460 75033
1480 74763
90 99 69 26 36 93 52 11 32 60 22 13 14 55 40 65 0 25 6 30 62 9 17 86 57 66 71 21 78 87 83 70 54 82 46 53 84 5 59 28 3 73 4 89 49 29 39 35 75 95 41 79 97 43 27 58 33 24 45 8 31 56 88 64 76 12 50 19 2 51 68 10 34 38 85 1 92 47 81 42 7 74 23 98 44 91 20 18 94 77 63 37 61 80 67 15 72 96 48 16 0 220147
20 176871
40 156616
60 138691
80 131787
100 126207
120 122287
140 112001
160 109876
180 105504
200 104030
220 104030
240 102151
260 101601
280 100670
300 98078
320 97709
340 96544
360 94656
380 94656
400 93738
420 93689
440 93265
460 92186
480 92186
500 92186
520 92186
540 92186
560 91690
580 89136
600 89136
620 89136
640 89136
660 87448
680 86745
700 86745
720 86745
740 86138
760 86138
780 85251
800 84763
820 84763
840 84763
860 84763
880 83711
900 83594
920 82024
940 82024
960 82024
980 82024
1000 82024
1020 82024
1040 82024
1060 82024
1080 81104
1100 81097
1120 81097
1140 79850
1160 79850
1180 79850
1200 79798
1220 79798
1240 79625
1260 77644
1280 77440
1300 77013
1320 77001
1340 77001
1360 77001
1380 76348
1400 75467
1420 75368
1440 75368
1460 75033
1480 74763
90
99
69
26
36
93
52
11
32
60
22
13
14
55
40
65
0
25
6
30
62
9
17
86
57
66
71
21
78
87
83
70
54
82
46
53
84
5
59
28
3
73
4
89
49
29
39
35
75
95
41
79
97
43
27
58
33
24
45
8
31
56
88
64
76
12
50
19
2
51
68
10
34
38
85
1
92
47
81
42
7
74
23
98
44
91
20
18
94
77
63
37
61
80
67
15
72
96
48
16
0 220147
20 176871
40 156616
60 138691
80 131787
100 126207
120 122287
140 112001
160 109876
180 105504
200 104030
220 104030
240 102151
260 101601
280 100670
300 98078
320 97709
340 96544
360 94656
380 94656
400 93738
420 93689
440 93265
460 92186
480 92186
500 92186
520 92186
540 92186
560 91690
580 89136
600 89136
620 89136
640 89136
660 87448
680 86745
700 86745
720 86745
740 86138
760 86138
780 85251
800 84763
820 84763
840 84763
860 84763
880 83711
900 83594
920 82024
940 82024
960 82024
980 82024
1000 82024
1020 82024
1040 82024
1060 82024
1080 81104
1100 81097
1120 81097
1140 79850
1160 79850
1180 79850
1200 79798
1220 79798
1240 79625
1260 77644
1280 77440
1300 77013
1320 77001
1340 77001
1360 77001
1380 76348
1400 75467
1420 75368
1440 75368
1460 75033
1480 74763
0 220147
20 176871
40 156616
60 138691
80 131787
100 126207
120 122287
140 112001
160 109876
180 105504
200 104030
220 104030
240 102151
260 101601
280 100670
300 98078
320 97709
340 96544
360 94656
380 94656
400 93738
420 93689
440 93265
460 92186
480 92186
500 92186
520 92186
540 92186
560 91690
580 89136
600 89136
620 89136
640 89136
660 87448
680 86745
700 86745
720 86745
740 86138
760 86138
780 85251
800 84763
820 84763
840 84763
860 84763
880 83711
900 83594
920 82024
940 82024
960 82024
980 82024
1000 82024
1020 82024
1040 82024
1060 82024
1080 81104
1100 81097
1120 81097
1140 79850
1160 79850
1180 79850
1200 79798
1220 79798
1240 79625
1260 77644
1280 77440
1300 77013
1320 77001
1340 77001
1360 77001
1380 76348
1400 75467
1420 75368
1440 75368
1460 75033
1480 74763
0 220147
20 176871
40 156616
60 138691
80 131787
100 126207
120 122287
140 112001
160 109876
180 105504
200 104030
220 104030
240 102151
260 101601
280 100670
300 98078
320 97709
340 96544
360 94656
380 94656
400 93738
420 93689
440 93265
460 92186
480 92186
500 92186
520 92186
540 92186
560 91690
580 89136
600 89136
620 89136
640 89136
660 87448
680 86745
700 86745
720 86745
740 86138
760 86138
780 85251
800 84763
820 84763
840 84763
860 84763
880 83711
900 83594
920 82024
940 82024
960 82024
980 82024
1000 82024
1020 82024
1040 82024
1060 82024
1080 81104
1100 81097
1120 81097
1140 79850
1160 79850
1180 79850
1200 79798
1220 79798
1240 79625
1260 77644
1280 77440
1300 77013
1320 77001
1340 77001
1360 77001
1380 76348
1400 75467
1420 75368
1440 75368
1460 75033
1480 74763
