0 220147
20 176871
40 156616
60 138691
80 131787
100 126207
120 122287
140 112001
160 109876
180 105504
200 104030
220 104030
240 102151
260 101601
280 100670
300 98078
320 97709
340 96544
360 94656
380 94656
400 93738
420 93689
440 93265
460 92186
480 92186
500 92186
520 92186
540 92186
560 91690
580 89136
600 89136
620 89136
640 89136
660 87448
680 86745
700 86745
720 86745
740 86138
760 86138
780 85251
800 84763
820 84763
840 84763
860 84763
880 83711
900 83594
920 82024
940 82024
960 82024
980 82024
1000 82024
1020 82024
1040 82024
1060 82024
1080 81104
1100 81097
1120 81097
1140 79850
1160 79850
1180 79850
1200 79798
1220 79798
1240 79625
1260 77644
1280 77440
1300 77013
1320 77001
1340 77001
1360 77001
1380 76348
1400 75467
1420 75368
1440 75368
1460 75033
1480 74763

90 99 69 26 36 93 52 11 32 60 22 13 14 55 40 65 0 25 6 30 62 9 17 86 57 66 71 21 78 87 83 70 54 82 46 53 84 5 59 28 3 73 4 89 49 29 39 35 75 95 41 79 97 43 27 58 33 24 45 8 31 56 88 64 76 12 50 19 2 51 68 10 34 38 85 1 92 47 81 42 7 74 23 98 44 91 20 18 94 77 63 37 61 80 67 15 72 96 48 16

0 463591
20 397667
40 372764
60 335337
80 330999
100 307648
120 291212
140 281506
160 272329
180 266461
200 266461
220 265153
240 264422
260 262911
280 259801
300 255927
320 254679
340 252256
360 246538
380 241444
400 238266
420 237267
440 231431
460 231431
480 231431
500 228471
520 227931
540 227913
560 227913
580 224802
600 224802
620 222694
640 222694
660 221969
680 220966
700 220966
720 219110
740 218483
760 218030
780 216424
800 214705
820 214705
840 213546
860 213546
880 212184
900 211774
920 211774
940 211774
960 210509
980 210238
1000 207657
1020 207000
1040 206828
1060 206447
1080 206251
1100 206251
1120 206251
1140 205443
1160 203011
1180 202974
1200 202974
1220 199596
1240 198587
1260 198587
1280 198587
1300 197902
1320 197902
1340 197467
1360 196761
1380 196761
1400 193446
1420 193176
1440 191524
1460 191524
1480 189793

Best Individual: 37 146 83 125 179 139 153 194 195 20 145 64 174 138 163 98 159 11 72 182 28 7 2 193 188 118 152 43 155 161 113 149 25 22 78 81 14 63 60 141 76 41 10 23 30 34 21 3 31 133 16 47 0 73 129 55 135 1 86 69 36 177 24 154 170 189 13 42 46 167 111 40 160 112 15 45 89 5 198 109 75 168 128 33 84 68 62 4 39 136 49 121 44 173 106 12 175 186 110 57 94 134 103 144 56 93 115 65 178 181 18 82 9 88 29 52 164 150 114 95 96 50 116 107 48 99 108 102 176 172 35 92 27 157 74 77 85 32 148 183 70 126 61 80 91 165 6 101 191 137 117 17 53 122 120 142 123 87 166 143 59 131 130 51 38 127 90 124 171 26 105 54 156 190 104 132 151 67 100 185 19 66 119 169 97 158 71 199 140 192 196 79 180 8 184 58 147 162 197 187


0 1252069
20 1117272
40 1065713
60 997101
80 979094
100 948936
120 918163
140 903106
160 895351
180 894359
200 880807
220 876510
240 867407
260 853643
280 847237
300 845044
320 837680
340 832372
360 822051
380 812807
400 808676
420 802078
440 798652
460 795523
480 786870
500 783600
520 780950
540 770653
560 760322
580 755274
600 743530
620 742628
640 741473
660 741473
680 741473
700 738537
720 734983
740 734506
760 732536
780 730287
800 726163
820 722660
840 722660
860 718435
880 718435
900 718435
920 718081
940 718081
960 716213
980 716213
1000 713697
1020 712610
1040 710201
1060 709861
1080 709136
1100 709136
1120 705092
1140 703568
1160 701281
1180 701281
1200 699989
1220 697271
1240 697271
1260 697271
1280 697271
1300 694150
1320 692093
1340 687118
1360 685662
1380 683340
1400 682297
1420 681835
1440 680989
1460 680567
1480 680332

Best Individual: 234 64 208 115 419 214 345 23 130 362 171 239 143 147 142 314 275 367 109 312 159 274 344 152 226 377 376 462 440 402 231 400 129 371 290 301 80 42 372 304 0 187 88 309 18 338 389 100 20 463 83 183 403 404 430 140 96 282 25 95 442 339 153 452 204 335 107 448 70 269 45 492 179 91 381 104 281 3 185 218 1 238 27 43 399 323 66 392 68 375 366 449 470 39 206 76 105 437 128 188 397 138 174 90 160 103 250 220 101 468 117 277 167 384 38 112 19 166 229 307 22 47 293 396 137 230 189 123 261 51 124 46 435 182 146 13 254 292 439 151 110 365 53 5 93 9 459 102 48 149 202 223 178 280 244 119 418 63 453 197 67 37 354 326 233 169 268 241 75 8 15 267 71 199 176 232 398 4 113 32 21 257 11 343 412 213 357 445 266 89 237 86 256 14 215 457 173 380 121 436 461 132 294 163 35 10 141 36 465 391 97 116 55 350 315 30 194 321 346 364 148 434 216 324 426 491 168 477 17 270 466 336 139 416 235 385 134 78 161 72 73 359 369 258 24 162 196 207 52 34 217 77 136 479 474 210 478 209 150 284 279 424 61 44 212 200 85 154 296 120 498 264 441 192 181 201 177 26 306 295 374 62 84 421 114 98 99 340 278 170 243 319 272 337 331 157 16 155 7 481 87 382 180 203 283 342 2 145 41 69 334 325 469 472 353 111 246 126 456 262 40 190 59 135 394 79 286 227 60 12 300 427 454 423 29 82 6 28 144 311 74 33 54 106 94 56 49 193 363 122 496 118 158 388 58 333 195 127 299 409 387 211 249 451 236 198 263 108 50 379 31 165 92 298 413 287 406 191 303 248 65 253 276 133 255 259 393 247 131 489 390 352 175 432 405 164 156 172 222 224 358 361 475 225 221 429 370 428 245 378 328 205 332 288 228 291 408 242 252 305 57 438 308 433 81 401 219 447 386 446 313 411 417 322 271 330 327 444 289 317 484 125 458 494 318 320 471 349 186 420 460 443 356 410 347 425 260 368 184 341 395 490 455 355 265 383 480 482 329 450 297 360 348 251 415 464 476 497 499 240 486 493 414 495 487 431 483 273 373 285 467 310 485 488 316 407 473 422 302 351
