#const double cCrossoverRate = 0.95;
#const double cMutationRate = 0.01;
0 220147
20 187073
40 166121
60 163200
80 163200
100 163200
120 163200
140 163200
160 163200
180 163200
200 163200
220 163200
240 163200
260 163200
280 163200
300 163200
320 163200
340 163200
360 163200
380 163200
400 163200
420 163200
440 163200
460 163200
480 163200
500 163200
520 163200
540 162146
560 162146
580 162146
600 162146
620 162146
640 162146
660 162146
680 162146
700 162146
720 162146
740 162146
760 162146
780 162146
800 162146
820 162146
840 162146
860 162146
880 162146
900 162146
920 162146
940 162146
960 162146
980 160141
1000 160141
1020 160141
1040 160141
1060 160141
1080 160141
1100 160141
1120 160141
1140 160141
1160 160141
1180 160141
1200 160141
1220 160141
1240 160141
1260 160141
1280 160141
1300 155373
1320 155373
1340 155373
1360 155373
1380 155373
1400 155373
1420 155373
1440 155373
1460 155373
1480 155373

Best Individual: 41 6 35 75 32 79 63 67 54 65 58 13 55 31 9 0 82 40 83 95 77 80 20 97 11 12 76 93 45 3 8 85 64 73 52 1 48 60 19 96 10 70 68 38 21 88 28 59 7 14 26 72 51 22 16 25 49 44 18 29 33 46 17 86 24 43 15 92 47 2 27 42 36 23 30 34 37 69 39 50 74 56 62 66 71 78 5 90 84 81 61 53 87 57 4 89 94 98 99 91
0 463591
20 416629
40 416629
60 416629
80 405992
100 401317
120 401317
140 401317
160 397619
180 397619
200 397619
220 397619
240 397619
260 393687
280 393687
300 393687
320 393687
340 393687
360 393659
380 393659
400 393659
420 393659
440 393659
460 393659
480 393659
500 393659
520 393659
540 393659
560 393659
580 393659
600 393659
620 393659
640 393659
660 393659
680 393659
700 393659
720 393659
740 393659
760 393659
780 393659
800 393659
820 393659
840 393659
860 393659
880 393659
900 390634
920 390634
940 390634
960 390634
980 390634
1000 390634
1020 390634
1040 390634
1060 390634
1080 390634
1100 390634
1120 390634
1140 390634
1160 390634
1180 390634
1200 390634
1220 390634
1240 390634
1260 390634
1280 390634
1300 390634
1320 390634
1340 390634
1360 390634
1380 390634
1400 390634
1420 390634
1440 390634
1460 390634
1480 390634

Best Individual: 194 99 175 58 197 88 45 185 92 162 53 113 30 131 195 54 70 90 40 119 85 97 25 39 4 43 105 41 89 128 72 65 0 23 14 49 1 157 86 152 77 139 189 130 69 42 103 51 110 107 80 83 136 190 71 112 9 27 122 120 167 61 19 78 22 5 145 20 8 166 11 178 168 38 118 156 109 193 123 29 15 181 108 44 96 36 28 35 98 143 149 63 171 125 124 192 198 3 10 176 82 13 32 26 31 16 59 116 191 33 62 184 134 64 154 95 21 84 66 76 129 94 52 161 169 104 73 75 55 56 101 6 60 127 47 37 155 67 186 46 74 91 106 12 68 81 114 165 18 50 100 24 34 48 57 93 102 121 144 140 87 173 111 160 153 115 151 117 133 17 148 135 150 132 137 126 146 183 138 141 177 7 147 142 174 188 163 179 2 79 180 170 172 164 159 187 158 182 196 199

0 1252069
20 1149794
40 1149794
60 1141305
80 1121057
100 1121057
120 1121057
140 1121057
160 1108559
180 1108559
200 1108559
220 1108559
240 1108559
260 1108559
280 1108559
300 1108559
320 1108559
340 1108559
360 1108559
380 1108559
400 1108559
420 1108559
440 1108559
460 1108559
480 1108559
500 1108559
520 1108559
540 1108559
560 1108559
580 1108559
600 1108559
620 1108559
640 1108559
660 1108559
680 1108559
700 1108559
720 1108559
740 1108559
760 1108559
780 1108559
800 1108559
820 1108559
840 1108559
860 1108559
880 1108559
900 1108559
920 1108559
940 1108559
960 1108559
980 1108559
1000 1108559
1020 1108559
1040 1108559
1060 1108559
1080 1108559
1100 1108559
1120 1108559
1140 1108559
1160 1108559
1180 1108559
1200 1108559
1220 1108559
1240 1108559
1260 1108559
1280 1108559
1300 1108559
1320 1108559
1340 1108559
1360 1108559
1380 1108559
1400 1108559
1420 1108559
1440 1108559
1460 1108559
1480 1108559

Best Individual: 318 488 299 266 15 234 461 207 393 176 208 66 72 87 283 85 43 110 89 395 16 48 186 273 390 88 137 459 434 369 13 86 400 23 138 62 47 425 495 269 410 333 67 433 191 185 257 365 330 374 487 373 362 74 484 122 340 361 364 422 421 212 64 428 155 92 0 40 60 250 437 465 248 177 327 79 285 470 102 223 239 78 167 451 472 341 10 450 17 348 26 287 32 397 33 198 222 11 38 468 227 217 178 335 42 188 236 61 292 443 12 221 30 252 8 229 220 83 303 370 325 9 282 104 58 260 151 231 388 345 37 431 41 29 71 475 351 490 55 51 256 210 200 68 418 99 27 59 432 436 100 267 391 344 20 84 439 286 336 24 1 342 73 4 19 442 251 57 192 90 22 310 294 309 36 46 367 103 156 440 371 139 49 448 246 249 111 416 321 28 493 407 454 106 147 278 295 25 326 14 31 39 18 375 21 467 97 65 264 277 98 54 317 183 160 82 136 112 279 134 94 238 123 435 35 52 300 199 158 146 80 125 494 107 129 182 276 133 75 77 153 50 93 140 108 113 426 166 275 117 114 233 175 53 118 165 56 148 372 124 471 130 142 70 224 162 144 262 128 359 157 168 170 115 284 405 121 171 131 119 63 116 105 127 91 5 360 293 214 334 135 306 126 172 69 95 181 96 101 120 180 245 143 288 478 230 109 241 145 132 392 81 452 159 189 190 218 349 386 161 343 254 149 163 196 164 169 173 398 378 242 179 184 290 201 202 2 193 194 204 206 209 483 213 215 291 219 298 232 216 438 240 195 235 357 226 449 355 243 244 458 308 489 197 419 498 205 187 253 280 430 225 268 305 270 281 7 311 315 466 403 289 301 274 312 313 316 350 319 346 379 332 272 320 324 329 322 337 304 307 339 477 76 347 352 380 353 387 328 296 247 261 263 271 417 314 356 331 259 237 396 354 394 399 358 389 366 368 211 141 323 381 401 457 338 402 485 150 377 384 3 6 382 44 414 363 154 429 228 445 404 447 258 376 413 423 408 444 409 411 415 464 453 420 302 441 297 385 412 446 424 406 479 456 265 460 45 383 469 255 473 455 174 474 462 34 476 481 427 482 480 463 203 492 486 152 491 496 499 497
