#const double cCrossoverRate = 0.75;
#const double cMutationRate = 0.001;

0 220147
20 181992
40 164828
60 162438
80 158745
100 158745
120 158727
140 158727
160 158727
180 158727
200 158727
220 158727
240 158727
260 158727
280 158727
300 156531
320 156531
340 156531
360 156531
380 156531
400 156531
420 156531
440 156531
460 156531
480 156531
500 156531
520 156531
540 156531
560 156531
580 156531
600 156531
620 156531
640 156531
660 156531
680 156531
700 156531
720 156531
740 156531
760 156531
780 156531
800 156531
820 156531
840 156531
860 155372
880 155372
900 155372
920 155372
940 155372
960 155372
980 155372
1000 155372
1020 155372
1040 155372
1060 155372
1080 155372
1100 155372
1120 155372
1140 155372
1160 155372
1180 155372
1200 155372
1220 155372
1240 155372
1260 155372
1280 155372
1300 155372
1320 155372
1340 155372
1360 154454
1380 154454
1400 154454
1420 154454
1440 154454
1460 154454
1480 154454

Best Individual: 65 13 40 52 14 81 47 53 56 98 1 76 28 59 12 95 61 67 99 2 16 82 9 51 43 17 26 8 84 68 69 57 31 33 45 36 77 80 75 10 3 7 49 11 66 5 78 58 72 71 88 4 20 21 87 92 24 22 96 15 73 27 25 29 44 18 35 79 97 41 94 6 37 30 32 60 34 38 85 39 42 23 74 46 62 50 54 55 63 83 64 48 19 70 0 91 93 90 89 86
0 463591
20 415084
40 412497
60 412497
80 412497
100 412448
120 407625
140 407625
160 407625
180 407625
200 407625
220 407625
240 406057
260 406057
280 406057
300 406057
320 406057
340 406057
360 399551
380 397937
400 397937
420 397937
440 397937
460 397937
480 397937
500 397937
520 397937
540 397937
560 396383
580 396383
600 396383
620 396383
640 396383
660 396383
680 396383
700 396383
720 396383
740 396383
760 396383
780 396383
800 396383
820 396383
840 396383
860 396383
880 396383
900 396383
920 396383
940 396383
960 396383
980 396383
1000 396383
1020 396383
1040 396383
1060 396383
1080 396383
1100 396383
1120 396383
1140 391162
1160 391162
1180 391162
1200 391162
1220 391162
1240 391162
1260 391162
1280 391162
1300 391162
1320 391162
1340 391162
1360 391162
1380 391162
1400 391162
1420 391162
1440 391162
1460 391162
1480 391162

Best Individual: 164 181 98 119 75 48 69 157 49 7 4 96 121 197 72 177 39 8 141 100 17 186 2 108 35 54 52 97 188 143 13 21 56 64 44 36 41 25 175 105 59 95 43 1 30 86 45 87 16 24 46 10 74 62 6 19 122 32 9 78 82 176 20 33 167 153 37 83 61 156 18 163 113 135 5 147 50 0 47 180 68 84 162 102 88 11 26 93 179 189 23 60 27 34 168 178 63 158 14 148 191 94 38 42 15 40 152 117 139 112 116 55 120 66 128 90 185 91 73 12 51 133 118 127 53 22 57 85 77 71 65 70 3 76 79 131 80 151 101 104 160 171 99 114 144 31 166 103 110 126 124 28 165 92 67 107 106 81 29 89 111 137 109 159 142 169 154 123 125 129 130 182 140 190 149 134 155 132 138 115 174 136 161 170 145 146 150 172 58 173 183 199 184 193 192 194 195 196 198 187

0 1252069
20 1160363
40 1146463
60 1146463
80 1146463
100 1145619
120 1122306
140 1122306
160 1122306
180 1122306
200 1122306
220 1122306
240 1122306
260 1122306
280 1122306
300 1122306
320 1122306
340 1122306
360 1122306
380 1122306
400 1115946
420 1115946
440 1115946
460 1115946
480 1115946
500 1115946
520 1115946
540 1115946
560 1111104
580 1111104
600 1111104
620 1111104
640 1111104
660 1111104
680 1111104
700 1111104
720 1111104
740 1111104
760 1111104
780 1111104
800 1111104
820 1111104
840 1111104
860 1111104
880 1111104
900 1111104
920 1111104
940 1111104
960 1111104
980 1111104
1000 1111104
1020 1111104
1040 1111104
1060 1111104
1080 1111104
1100 1111104
1120 1111104
1140 1111104
1160 1111104
1180 1111104
1200 1111104
1220 1111104
1240 1111104
1260 1111104
1280 1111104
1300 1111104
1320 1111104
1340 1111104
1360 1111104
1380 1111104
1400 1111104
1420 1111104
1440 1111104
1460 1111104
1480 1111104

Best Individual: 347 100 372 355 257 121 259 265 341 186 74 476 344 35 211 57 171 136 37 362 275 442 65 96 111 266 75 117 20 42 252 434 262 250 176 479 166 78 251 299 391 144 487 481 263 199 287 119 449 288 417 208 184 59 1 86 5 435 232 494 28 18 49 349 454 273 165 457 137 2 133 282 105 340 261 134 239 197 145 217 205 125 403 397 23 97 367 361 160 311 174 91 53 393 241 432 45 489 83 243 129 6 39 244 11 64 24 289 331 115 385 54 17 343 179 400 301 68 473 486 443 246 484 377 226 296 27 245 483 95 182 116 0 122 351 353 16 378 440 279 173 488 207 158 335 29 236 290 465 213 202 456 291 470 108 424 313 467 3 34 138 13 260 189 455 153 47 234 177 26 19 30 169 300 218 7 10 352 33 477 22 450 333 162 414 461 38 425 52 67 323 156 77 272 386 337 317 293 426 41 415 452 220 469 219 316 468 51 256 88 55 196 215 368 113 303 496 233 61 69 286 464 164 80 437 181 492 159 48 4 223 89 9 345 56 206 66 71 161 210 310 304 371 84 50 98 433 87 228 152 106 58 198 284 254 46 128 306 222 167 248 73 70 294 175 356 94 131 31 79 283 498 302 292 99 147 76 140 237 187 188 350 428 430 221 381 418 155 482 332 277 123 127 383 168 203 14 462 264 216 72 271 110 491 370 141 490 8 253 148 342 102 151 103 114 407 154 305 380 118 195 258 249 270 183 21 225 238 81 453 15 149 82 109 402 348 193 63 416 212 157 25 336 36 43 180 163 60 298 143 308 240 62 85 194 229 230 274 354 90 101 139 130 357 32 112 276 142 493 146 224 170 315 178 190 307 192 120 268 325 269 267 384 200 278 466 227 247 328 201 204 214 321 92 322 285 324 295 172 364 126 235 309 375 107 314 389 338 318 326 327 330 339 185 255 365 44 369 12 124 404 281 312 366 334 150 405 359 390 297 396 411 438 358 280 40 373 320 319 445 392 399 394 388 408 329 374 360 231 409 363 382 410 447 93 431 401 413 376 419 420 132 379 441 429 499 398 395 421 422 423 448 427 444 485 104 436 387 458 191 242 446 412 439 135 459 478 471 406 474 460 451 209 346 475 480 472 463 495 497

